15
23
29
31
43
47
55
60
63
63
76
79
87
91
95
101
103
110
113
118
121
125
127
133
135
140
143
147
151
153
157
159
159
166
167
171
173
175
177
179
183
184
187
189
192
193
195
198
199
201
203
204
206
207
207
209
211
211
214
215
215
216
216
217
219
219
220
220
220
222
224
224
224
224
224
225
225
227
227
227
227
228
228
230
230
231
231
231
231
231
231
231
232
232
233
233
233
233
235
235
235
236
236
236
236
236
236
236
236
236
236
238
238
238
238
238
238
238
238
240
240
240
240
240
240
240
240
240
240
240
240
240
240
240
240
240
240
241
236
230
224
216
211
206
200
195
192
192
182
176
176
169
166
162
158
156
152
148
144
142
140
136
134
131
128
124
122
120
116
114
112
108
107
104
102
100
98
96
96
92
91
88
88
85
83
81
80
79
78
76
75
73
71
71
70
68
67
63
63
63
62
60
60
59
57
56
56
55
54
52
51
51
50
49